spawns: 
  default: 
    world: world
    x: 148.5
    y: 114.0
    z: -102.5
    yaw: 0.23277012
    pitch: -4.7999516
