lastAccountName: helloartz
timestamps:
  login: 1607197444603
  logout: 1607197822978
  lastteleport: 1607197732885
ipAddress: 127.0.0.1
logoutlocation:
  world: world
  x: 136.24286369119508
  y: 113.57969854367613
  z: -79.56776016295842
  yaw: -316.27512
  pitch: 20.426357
lastlocation:
  world: world
  x: 153.39996391636703
  y: 114.5
  z: -82.19309407299417
  yaw: -3.5480108
  pitch: -0.40759957
money: '1000.0'
