lastAccountName: dan0sss
timestamps:
  login: 1611925072203
  logout: 1611925068457
  lastteleport: 1611925742527
ipAddress: 127.0.0.1
logoutlocation:
  world: world
  x: 145.51444553460473
  y: 114.0
  z: -95.59892790619685
  yaw: -136.81488
  pitch: 2.2939475
lastlocation:
  world: world
  x: 139.85823422570982
  y: 115.0
  z: -83.85096861411034
  yaw: 64.69533
  pitch: 7.126111
