world: world
x: 118.5
y: 112.0
z: -69.5
yaw: 0.1028136
pitch: -0.7490325
name: BedWars
