world: world
x: 183.5
y: 112.0
z: -74.5
yaw: -90.04717
pitch: -1.498774
name: BuildBattle
