world: world
x: 113.5
y: 112.0
z: -74.5
yaw: 89.80267
pitch: -0.44877392
name: Parkour
