world: world
x: 148.5
y: 112.0
z: -67.5
yaw: -359.89777
pitch: -0.7479722
name: SkyWars
