world: world
x: 178.5
y: 112.0
z: -69.5
yaw: 0.10282265
pitch: -1.1986828
name: SurvivalGames
