world: world
x: 148.5
y: 112.61265895729613
z: -62.5
yaw: 359.79562
pitch: -2.2501462
name: SW
